50,52
50,51
50,50
50,49
50,48
50,47
50,46
50,45
50,44
50,43
50,42
50,41
50,40
50,39
50,38
50,37
50,36
50,35
34,4
34,1
34,3
0,273
0,270
26,1
26,3
3,2
3,1
3,3
10,283
10,83
10,147
10,159
10,67
10,25
10,27
10,1
10,121
10,2
10,3
11,17
11,9
11,7
11,11
11,1
11,25
11,2
11,3
9,7
9,1
9,5
9,2
9,3
8,7
8,4
8,5
8,12
8,9
8,1
8,17
8,2
8,3
12,2
12,1
12,3
20,2
20,1
20,3
19,2
19,1
19,3
18,1
18,3
49,4
49,3
49,2
14,1
49,1
49,0
48,3
14,3
13,1
48,2
48,1
48,0
47,3
13,3
47,2
47,1
47,0
46,5
46,4
46,3
46,2
46,1
46,0
45,4
45,3
45,2
45,1
45,0
43,5
43,4
43,3
43,2
43,1
43,0
